002565.jpg 0 0 3
005502.jpg 0 0 1
005436.jpg 0 0 2
002711.jpg 0 0 2
000943.jpg 0 0 2
001960.jpg 0 0 3
000867.jpg 0 0 1
005405.jpg 0 0 4
005447.jpg 0 0 2
002306.jpg 0 0 1
001014.jpg 0 0 2
007822.jpg 0 0 1
000291.jpg 0 0 3
001193.jpg 0 0 2
007521.jpg 0 0 2
003437.jpg 0 0 2
004891.jpg 0 0 0
008317.jpg 0 0 3
005377.jpg 0 0 2
000158.jpg 0 0 3
002523.jpg 0 0 3
005507.jpg 0 0 2
000755.jpg 0 0 1
005541.jpg 0 0 3
005564.jpg 0 0 2
002655.jpg 0 0 2
007971.jpg 0 0 4
000875.jpg 0 0 2
002391.jpg 0 0 2
002676.jpg 0 0 2
007515.jpg 0 0 4
000830.jpg 0 0 2
001674.jpg 0 0 3
004158.jpg 0 0 2
008427.jpg 0 0 3
002700.jpg 0 0 3
004769.jpg 0 0 3
001033.jpg 0 0 3
003477.jpg 0 0 2
007501.jpg 0 0 2
000933.jpg 0 0 2
002125.jpg 0 0 2
002023.jpg 0 0 2
001096.jpg 0 0 2
000097.jpg 0 0 3
000914.jpg 0 0 2
004824.jpg 0 0 2
002234.jpg 0 0 2
001106.jpg 0 0 2
005451.jpg 0 0 2
000512.jpg 0 0 3
005598.jpg 0 0 4
001272.jpg 0 0 2
007849.jpg 0 0 2
008413.jpg 0 0 2
003458.jpg 0 0 3
000950.jpg 0 0 2
001439.jpg 0 0 4
004784.jpg 0 0 2
000856.jpg 0 0 1
008049.jpg 0 0 3
002219.jpg 0 0 3
002275.jpg 0 0 4
000689.jpg 0 0 2
007012.jpg 0 0 2
002675.jpg 0 4 2
002304.jpg 0 0 1
004767.jpg 0 0 4
007981.jpg 0 0 5
007245.jpg 0 0 5
000464.jpg 0 0 2
000483.jpg 0 0 4
001133.jpg 0 0 2
004900.jpg 0 0 1
002378.jpg 0 0 3
000061.jpg 0 0 4
000335.jpg 0 0 2
001559.jpg 0 0 2
001822.jpg 0 0 5
000906.jpg 0 0 2
001764.jpg 0 0 2
005463.jpg 0 0 5
000248.jpg 0 0 2
007028.jpg 0 0 6
007027.jpg 0 0 6
000017.jpg 0 0 2
001333.jpg 0 0 2
003934.jpg 0 0 2
002204.jpg 0 0 4
005558.jpg 0 0 3
001423.jpg 0 0 2
000240.jpg 0 0 6
001735.jpg 0 0 3
001712.jpg 0 0 2
002144.jpg 0 0 2
000353.jpg 0 0 2
001556.jpg 0 0 3
005471.jpg 0 0 3
007828.jpg 0 0 2
000728.jpg 0 0 2
001705.jpg 0 3 1
000301.jpg 0 0 3
006682.jpg 0 0 2
008223.jpg 0 0 2
001994.jpg 0 0 2
000535.jpg 0 0 2
008313.jpg 0 0 1
002154.jpg 0 0 2
002102.jpg 0 0 0
002314.jpg 0 0 3
005401.jpg 0 0 2
008388.jpg 0 0 2
004884.jpg 0 0 2
002368.jpg 0 0 2
008421.jpg 0 0 2
004172.jpg 0 0 2
000237.jpg 0 0 2
005411.jpg 0 0 1
000089.jpg 0 0 2
006650.jpg 0 0 2
005844.jpg 0 4 2
000650.jpg 0 0 1
007973.jpg 0 0 3
002527.jpg 0 0 3
005366.jpg 0 0 2
007837.jpg 0 0 5
005501.jpg 0 0 2
004917.jpg 0 0 2
000006.jpg 0 0 3
000019.jpg 0 0 2
008248.jpg 0 0 2
000969.jpg 0 0 2
001718.jpg 0 0 2
000746.jpg 0 0 2
002588.jpg 0 0 2
008137.jpg 0 0 6
007968.jpg 0 0 4
003443.jpg 0 0 1
000235.jpg 0 0 2
001811.jpg 0 0 4
002716.jpg 0 0 2
001769.jpg 0 0 2
001658.jpg 0 0 2
000732.jpg 0 0 2
002299.jpg 0 0 2
005381.jpg 0 0 3
000988.jpg 0 0 2
003958.jpg 0 0 1
002715.jpg 0 0 2
008415.jpg 0 0 2
002709.jpg 0 0 2
001326.jpg 0 0 5
005393.jpg 0 0 1
007848.jpg 0 0 5
005514.jpg 0 0 2
008290.jpg 0 1 3
007011.jpg 0 0 2
005399.jpg 0 0 1
004212.jpg 0 0 2
007865.jpg 0 0 2
001413.jpg 0 0 2
007244.jpg 0 0 5
005263.jpg 0 0 2
008193.jpg 0 0 3
004233.jpg 0 0 3
004911.jpg 0 0 2
000015.jpg 0 0 2
002341.jpg 0 0 2
002185.jpg 0 0 3
001155.jpg 0 0 2
002109.jpg 0 0 2
005550.jpg 0 0 3
007001.jpg 0 0 2
000374.jpg 0 0 2
000994.jpg 0 0 2
002630.jpg 0 0 4
001331.jpg 0 0 4
002247.jpg 0 0 2
001695.jpg 0 0 1
004235.jpg 0 0 2
001017.jpg 0 0 2
008282.jpg 0 0 3
005627.jpg 0 0 1
005326.jpg 0 0 2
005438.jpg 0 0 2
002285.jpg 0 0 3
002607.jpg 0 0 4
005606.jpg 0 0 1
001006.jpg 0 0 3
001950.jpg 0 0 3
007540.jpg 0 0 1
008020.jpg 0 0 3
001565.jpg 0 0 3
002288.jpg 0 0 3
002327.jpg 0 0 2
000203.jpg 0 0 2
000025.jpg 0 0 2
005355.jpg 0 0 1
001146.jpg 0 0 2
003905.jpg 0 0 2
002303.jpg 0 0 5
008345.jpg 0 0 4
001606.jpg 0 0 5
000537.jpg 0 0 2
000705.jpg 0 0 2
002496.jpg 0 0 2
007000.jpg 0 0 2
003937.jpg 0 0 2
001275.jpg 0 0 2
005315.jpg 0 0 3
007839.jpg 0 0 3
008233.jpg 0 0 3
001276.jpg 0 0 2
000336.jpg 0 0 2
005459.jpg 0 0 1
004234.jpg 0 0 2
000083.jpg 0 0 2
002014.jpg 0 0 2
008107.jpg 0 0 3
002717.jpg 0 0 2
002704.jpg 0 0 2
000231.jpg 0 0 3
008239.jpg 0 0 2
003442.jpg 0 0 1
001757.jpg 0 0 2
008281.jpg 0 0 2
002026.jpg 0 0 3
001866.jpg 0 0 3
005813.jpg 0 0 2
004836.jpg 0 0 2
007519.jpg 0 0 3
000514.jpg 0 0 2
000079.jpg 1 1

000122.jpg 1 0 2
000123.jpg 1 1

000125.jpg 1 1

000162.jpg 1 1

000167.jpg 1 2 6
000211.jpg 1 2 6
000277.jpg 1 0 3
000278.jpg 1 0 3
000288.jpg 1 1

000289.jpg 1 2 6
000324.jpg 1 0 2
000326.jpg 1 3 2
000341.jpg 1 1

000342.jpg 1 1

000343.jpg 1 0

000365.jpg 1 1

000372.jpg 1 1

000406.jpg 1 1

000407.jpg 1 1

000428.jpg 1 1

000434.jpg 1 1

000444.jpg 1 1

000447.jpg 1 1

000460.jpg 1 1

000482.jpg 1 1

000485.jpg 1 1

000490.jpg 1 1

000546.jpg 1 1

000563.jpg 1 1

000575.jpg 1 1

000584.jpg 1 1

000591.jpg 1 1

000694.jpg 1 1

000708.jpg 1 1

000709.jpg 1 0 2
000840.jpg 1 0 5
000841.jpg 1 0 5
000842.jpg 1 1

000917.jpg 1 0 2
000918.jpg 1 1

000919.jpg 1 1

000922.jpg 1 0 2
001119.jpg 1 1

001194.jpg 1 3 4
001225.jpg 1 0 2
001226.jpg 1 1

001227.jpg 1 0 2
001231.jpg 1 0 2
001232.jpg 1 4 2
001233.jpg 1 0 2
001386.jpg 1 1

001412.jpg 1 1

001451.jpg 1 1

001455.jpg 1 1

001524.jpg 1 1

001526.jpg 1 1

001531.jpg 1 0 2
001561.jpg 1 1

001581.jpg 1 1

001680.jpg 1 1

001691.jpg 1 1

001734.jpg 1 1

001796.jpg 1 1

001826.jpg 1 1

001833.jpg 1 1

001860.jpg 1 1

003673.jpg 2 0 3
008194.jpg 2 2 3
002810.jpg 2 2 4
005750.jpg 2 3 2
005787.jpg 2 3 5
008229.jpg 2 0 3
003227.jpg 2 3 1
005741.jpg 2 2 2
004710.jpg 2 2 2
003711.jpg 2 0 3
004659.jpg 2 2 2
003894.jpg 2 2 6
002401.jpg 2 2 5
005723.jpg 2 2 3
005341.jpg 2 0 2
003832.jpg 2 2 6
007916.jpg 2 3 6
005535.jpg 2 2 6
003235.jpg 2 3 1
004372.jpg 2 2 6
003680.jpg 2 3 4
000107.jpg 2 4 5
005733.jpg 2 2 3
003975.jpg 2 2 6
003616.jpg 2 2 5
004776.jpg 2 0 3
004743.jpg 2 2 2
005745.jpg 2 2 3
004630.jpg 2 2 6
007454.jpg 3 3 4
003705.jpg 3 3 5
006799.jpg 3 3 2
003998.jpg 3 3 1
002751.jpg 3 3 0
003197.jpg 3 3 2
004853.jpg 3 3 2
002750.jpg 3 3 0
003615.jpg 3 3 5
005654.jpg 3 3 4
004445.jpg 3 3 1
004510.jpg 3 0 1
002474.jpg 3 3 0
002320.jpg 3 3 0
007310.jpg 3 3 6
004022.jpg 3 0 1
003035.jpg 3 3 0
004962.jpg 3 3 2
004865.jpg 3 3 2
004880.jpg 3 3 2
004144.jpg 3 3 3
005667.jpg 3 3 5
003030.jpg 3 3 0
004949.jpg 3 3 2
005699.jpg 3 3 1
005634.jpg 3 3 2
002743.jpg 3 3 0
002905.jpg 3 3 2
002856.jpg 3 4 1
002757.jpg 3 3 0
003139.jpg 3 3 2
003200.jpg 3 3 1
005285.jpg 3 3 0
005012.jpg 3 3 2
008224.jpg 3 3 2
007355.jpg 3 0 5
005041.jpg 3 4 1
003426.jpg 3 3 3
004867.jpg 3 3 3
008146.jpg 3 3 1
005705.jpg 3 4 1
002738.jpg 3 3 0
002741.jpg 3 3 0
003546.jpg 3 3 2
004006.jpg 3 3 2
003247.jpg 3 3 1
005206.jpg 3 3 3
002753.jpg 3 3 0
005700.jpg 3 3 1
003701.jpg 3 3 2
002873.jpg 3 3 2
002740.jpg 3 3 0
002475.jpg 3 3 0
005046.jpg 3 3 2
003311.jpg 3 3 2
003063.jpg 3 3 0
002864.jpg 3 3 1
003605.jpg 3 3 3
003996.jpg 3 3 2
007891.jpg 3 0 2
002733.jpg 3 3 0
003429.jpg 3 3 3
004576.jpg 3 0 3
003953.jpg 3 3 1
003432.jpg 3 3 3
004932.jpg 3 3 2
001503.jpg 3 3 0
005694.jpg 3 3 2
001501.jpg 3 3 0
007392.jpg 3 3 2
005275.jpg 3 3 3
006944.jpg 4 4 1
003204.jpg 4 4 1
003258.jpg 4 4 1
001901.jpg 4 4 0
005220.jpg 4 4 2
004390.jpg 4 4 1
005141.jpg 4 4 1
007551.jpg 4 4 1
003161.jpg 4 4 1
003967.jpg 4 4 1
007563.jpg 4 3 1
004256.jpg 4 4 1
007377.jpg 4 3 2
003261.jpg 4 4 3
003545.jpg 4 4 2
003102.jpg 4 4 1
003292.jpg 4 4 0
002963.jpg 4 4 1
003364.jpg 4 4 1
002847.jpg 4 4 1
002086.jpg 4 4 0
002979.jpg 4 4 1
005068.jpg 4 4 1
002056.jpg 4 4 2
003214.jpg 4 4 1
002018.jpg 4 4 0
005755.jpg 4 4 1
003355.jpg 4 4 1
002838.jpg 4 4 1
003530.jpg 4 4 3
002071.jpg 4 4 2
007488.jpg 4 4 1
007695.jpg 4 4 2
002998.jpg 4 4 0
001347.jpg 4 4 0
005203.jpg 4 4 1
006975.jpg 4 4 2
004438.jpg 4 4 1
002022.jpg 4 4 0
003027.jpg 4 4 0
000766.jpg 4 4 1
003241.jpg 4 4 1
001726.jpg 4 4 0
002996.jpg 4 4 0
001471.jpg 4 4 0
002910.jpg 4 4 1
002078.jpg 4 4 0
001500.jpg 4 4 0
000413.jpg 4 4 3
003293.jpg 4 4 0
003023.jpg 4 4 1
005038.jpg 4 4 1
001728.jpg 4 4 0
004995.jpg 4 4 0
001916.jpg 4 4 0
003778.jpg 4 4 1
001720.jpg 4 4 0
003376.jpg 4 4 3
003024.jpg 4 4 0
007198.jpg 4 4 1
003297.jpg 4 4 0
001465.jpg 4 4 0
001917.jpg 4 4 0
005218.jpg 4 4 2
007281.jpg 4 4 1
003415.jpg 4 4 1
003011.jpg 4 4 0
007203.jpg 4 4 1
002881.jpg 4 4 1
002877.jpg 4 4 1
003509.jpg 4 4 5
003266.jpg 4 4 3
002251.jpg 4 4 0
002990.jpg 4 4 0
003051.jpg 4 4 0
003399.jpg 4 4 1
002075.jpg 4 4 0
006810.jpg 4 4 1
005024.jpg 4 4 2
003020.jpg 4 4 0
002975.jpg 4 4 1
003359.jpg 4 4 1
005026.jpg 4 4 2
003386.jpg 4 4 1
007572.jpg 4 4 1
003378.jpg 4 4 3
003289.jpg 4 4 2
002928.jpg 4 4 1
003296.jpg 4 4 0
004388.jpg 4 4 2
005028.jpg 4 4 2
002882.jpg 4 4 1
001732.jpg 4 4 0
003965.jpg 4 4 1
007552.jpg 4 4 1
002226.jpg 4 4 0
001460.jpg 4 4 0
003417.jpg 4 4 1
000478.jpg 4 4 0
001906.jpg 4 4 0
004968.jpg 4 4 1
002057.jpg 4 4 2
004876.jpg 4 4 3
003048.jpg 4 4 1
000769.jpg 4 4 1
003537.jpg 4 4 3
003050.jpg 4 4 1
002995.jpg 4 4 0
003655.jpg 4 4 1
005706.jpg 4 3 1
000613.jpg 4 4 1
001462.jpg 4 4 0
002021.jpg 4 4 0
005202.jpg 4 4 1
003424.jpg 4 4 1
001362.jpg 4 4 0
002842.jpg 4 4 0
002844.jpg 4 4 1
000695.jpg 4 4 0
003347.jpg 4 4 1
006701.jpg 4 4 1
003160.jpg 4 4 1
002748.jpg 4 4 0
005752.jpg 4 4 1
001357.jpg 4 4 0
002997.jpg 4 4 0
007346.jpg 4 4 1
002845.jpg 4 4 1
003639.jpg 4 4 1
005173.jpg 4 4 1
001476.jpg 4 4 0
003005.jpg 4 4 0
003652.jpg 4 4 0
003587.jpg 4 4 1
001487.jpg 4 4 0
001349.jpg 4 4 0
003290.jpg 4 4 2
002939.jpg 4 4 2
000929.jpg 4 4 1
005167.jpg 4 4 4
001913.jpg 4 4 0
000611.jpg 4 4 2
007103.jpg 4 4 1
005703.jpg 4 4 1
005760.jpg 4 4 1
001492.jpg 4 4 0
005249.jpg 4 4 1
000622.jpg 4 4 0
001344.jpg 4 4 0
